2.6608039953517975
5.638571714085901
7.075291758075752
7.940386751744333
8.535506577058852
8.979340678917323
9.328483588354747
9.613663237456558
9.853171138797954
10.058665597750926
10.237978906639318
10.3965975376359
10.538497507846646
10.666642437766702
10.783294287326216
10.890214725593967
10.988799930921514
11.080173376220213
11.165251275491624
11.244789728460134
11.319419342285698
11.389671082192786
11.455995869026781
11.51877964025224
11.578355068572561
11.635010783279967
11.688998701870332
11.740539913799847
11.789829445001727
11.837040146033342
11.882325889528678
11.925824217642337
11.967658548627464
12.007940026548876
12.046769081478914
12.08423675170317
12.120425810231813
12.15541172910348
12.189263508265546
12.222044391274808
12.253812485870478
12.284621304312864
12.314520229648119
12.343554939271959
12.371767756719722
12.399197977305779
12.425882149704586
12.451854326830865
12.4771462888146
12.50178774175521
12.52580649531438
12.549228621774636
12.572078598819918
12.594379437985301
12.616152800448047
12.637419101867179
12.65819760601985
12.678506512333874
12.698363032616774
12.717783462367045
12.736783245453246
12.755377033165704
12.773578738216758
12.79140158419622
12.808858150932126
12.825960416156029
12.842719793826191
12.859147169426217
12.87525293251852
12.891047006890307
12.90653887797886
12.921737619210386
12.93665191541055
12.951290085034687
12.965660100679031
12.979769608595365
12.993625945490653
13.007236156231704
13.020607008733109
13.033745008471138
13.04665641202904
13.059347239697585
13.071823287309051
13.084090137318395
13.096153169197498
13.108017568739658
13.119688339221897
13.13117030673713
13.14246813074289
13.153586311025764
13.164529194772351
13.17530098380564
13.185905740457933
13.196347393918899
13.206629745900706
13.216756476086637
13.226731147232327
13.236557210040912
13.24623800775763
13.255776780550919
13.265176669648339
13.274440721274736
13.283571890391878
13.292573044253784
13.30144696578799
13.310196356814037
13.318823841107637
13.327331967320482
13.335723211763431
13.343999981059852
13.352164614679133
13.360219387353505
13.368166511398988
13.376008138861986
13.383746363748564
13.39138322392044
13.398920703086093
13.406360732635434
13.413705193408946
13.42095591739235
13.428114689340672
13.435183248335655
13.442163289279119
13.4490564643256
13.455864384258328
13.462588619809935
13.469230702930302
13.475792128006288
13.482274352978525
13.48867880069115
13.495006859631172
13.501259885207121
13.50743920069169
13.513546098187627
13.519581839557578
13.5255476573207
13.531444755515983
13.53727431053431
13.543037471921298
13.548735363150996
13.554369082372533
13.559939703130212
13.565448275059508
13.570895824557612
13.576283355432151
13.581611849527128
13.586882267328003
13.592095548546428
13.597252612684755
13.602354359583584
13.607401669948782
13.612395405863806
13.617336411283084
13.622225512511562
13.62706351866688
13.631851222128784
13.63658939897218
13.641278809388552
13.645920198092826
13.650514294719416
13.655061814200012
13.659563457141296
13.664019910179132
13.66843184632928
13.672799925324465
13.677124793942422
13.681407086323889
13.685647424281553
13.689846417599123
13.694004664321836
13.698122751039282
13.702201253159055
13.706240735172806
13.710241750914673
13.714204843812668
13.718130547132304
13.722019384213768
13.725871868702525
13.7296885047727
13.733469787355876
13.737216202308586
13.740928226688185
13.744606328899298
13.748250968915587
13.751862598450197
13.755441661152675
13.758988592784997
13.762503821396432
13.765987767493362
13.769440844204755
13.772863457443586
13.776256006064266
13.779618882010633
13.782952470473333
13.786257150028735
13.789533292781245
13.792781264501794
13.796001424761128
13.79919412706119
13.802359718961933
13.805498542206298
13.80861093284088
13.811697221330649
13.814757732683699
13.817792786552523
13.820802697349311
13.823787774351587
13.82674832180662
13.829684639033172
13.832597020520414
13.835485756024985
13.838351130665117
13.841193425013788
13.844012915188012
13.84680987293653
13.849584565726767
13.852337256827633
13.855068205391913
13.857777666537828
13.860465891414604
13.863133127308497
13.865779617685078
13.868405602277969
13.871011317158173
13.873596994802956
13.876162864189418
13.87870915072673
13.881236076588529
13.883743860522635
13.886232718021143
13.888702861372302
13.891154499714702
13.893587839096645
13.8960030825314
13.898400430053714
13.900780078773805
13.90314222293034
13.905487053942496
13.907814760460463
13.910125528416051
13.912419541070404
13.914696979061773
13.916958020452821
13.91920284077537
13.921431613075782
13.92364450795773
13.925841693626474
13.928023335928973
13.930189598396488
13.932340642283586
13.934476626608618
13.93659770819063
13.938704041689133
13.940795779639357
13.942873072489178
